10
3.45
3.35
3.80
3.40
3.50
3.30
3.50
3.45
3.40
3.10
3.10
3.25
3.20
3.00
3.40
3.45
3.10
3.30
3.60
3.60
3.25
3.20
3.30
3.50
3.20
3.40
3.30
3.50
3.50
3.85
3.50
3.10
3.55
3.00
3.30
3.20
3.60
3.25
3.40
3.40
3.45
3.45
3.10
3.30
3.65
3.50
3.75
3.70
3.80
3.55
3.15
3.35
3.20
3.40
3.45
3.15
3.20
3.40
3.40
3.85
3.20
3.50
3.20
3.50
3.45
3.65
3.30
3.40
3.60
3.10
3.30
3.65
3.60
3.60
3.50
3.70
3.10
3.20
3.35
3.70
3.60
3.65
3.35
3.20
3.40
3.35
3.40
3.30
3.65
3.40
3.55
3.30
3.60
3.60
3.40
3.20
3.35
3.35
3.80
3.85
3.20
3.60
3.30
2.85
3.40
3.30
3.10
3.30
3.75
3.25
3.10
3.25
3.35
3.55
3.20
3.93
3.45
3.50
3.30
3.40
